133
133
133
133
178
178
168
168
150
150
150
150
168
168
178
178
200
200
200
200
200
200
168
168
133
133
133
133
150
150
168
168
178
178
178
178
178
178
168
168
150
150
150
150
133
133
133
133
168
168
168
168
200
200
200
200
200
200
200
200
200
200
200
200
150
150
150
150
150
150
126
126
100
100
100
100
112
112
126
126
133
133
133
133
133
133
168
168
133
133
133
133
150
150
168
168
178
178
178
178
178
178
168
168
150
150
150
150
133
133
133
133
168
168
168
168
200
200
200
200
200
200
200
200
200
200
200
200
16384
